OrderedDict([('conv1.weight', tensor([[[[-0.0859, -0.6427, -0.0346, -0.0491,  0.0731],
          [-0.2001, -1.1512,  0.0132,  0.0621, -0.0127],
          [-0.0158, -0.0320, -0.2516, -0.7294, -1.0782],
          [-0.7014,  0.2152, -0.0370, -0.1808, -0.0021],
          [-0.0190, -1.2882, -0.4394,  0.0001, -0.6771]]],


        [[[-0.0434, -1.0043,  0.1615, -0.9296, -0.4346],
          [-0.9576, -0.4390, -0.8679, -0.6781, -0.8157],
          [-1.0605,  0.4552, -0.8048,  0.2143, -0.1707],
          [-0.0524, -0.1654, -0.3900, -0.8351, -0.6714],
          [-0.2508, -0.0803, -1.0619, -0.0001, -0.4105]]],


        [[[-0.7881, -0.2666, -0.7629, -0.1316, -0.4992],
          [-0.0007, -0.9984, -1.0184, -0.1316, -0.3002],
          [-0.1351,  0.0438,  0.1635, -0.0576, -0.0690],
          [-0.9337,  0.0806, -1.2007, -0.4150, -0.1146],
          [-0.0131, -0.7516, -0.1480, -0.0000, -0.4580]]],


        [[[-0.2906, -0.9983, -1.0163, -0.0685, -0.1509],
          [-0.0634, -0.5491,  0.1150,  0.0912, -1.1079],
          [-0.1577,  0.0773, -0.3294, -0.0558, -0.0006],
          [-0.2385,  0.1276, -0.8179, -0.3391, -0.7229],
          [-0.1467, -0.8908, -0.2737, -0.1279, -0.4006]]],


        [[[-0.5116, -0.7380, -0.0013, -0.2269, -0.9565],
          [-0.0353,  0.1140, -0.8956,  0.2754, -0.3561],
          [-0.9925,  0.4279, -0.9916, -0.6429, -0.0038],
          [ 0.0156, -0.8850,  0.3397,  0.0305, -0.4913],
          [-0.2398, -0.6203, -0.6282, -0.0394, -0.5530]]],


        [[[-0.0144, -0.7714, -0.5312, -0.0315, -0.5501],
          [-0.8493, -0.0130, -0.0325,  0.0062, -0.7989],
          [-0.0554,  0.0296, -0.0329, -0.1300, -0.0098],
          [-0.1232, -0.9490, -0.8205,  0.1425, -0.4635],
          [-0.0597, -0.0027, -0.4830, -0.0572, -0.9008]]],


        [[[-0.8308, -0.6395, -0.0272, -0.0001, -0.6822],
          [-0.1966, -0.8313, -0.0010, -1.0277,  0.0679],
          [-0.0007, -0.1824, -0.6805,  0.1405, -1.2300],
          [-0.4268,  0.1185, -0.6046,  0.1197, -0.0683],
          [-0.0219, -0.5849, -0.6363, -0.4258, -0.1911]]],


        [[[-0.2078, -0.8635, -0.4340, -1.0073, -0.6043],
          [-0.4116,  0.3360, -0.9121, -0.9165, -0.0018],
          [ 0.0605, -1.0746,  0.1099,  0.3576, -0.5420],
          [ 0.0070, -0.5513,  0.3651, -1.2135, -0.0011],
          [ 0.0474, -0.3656, -0.6317, -0.7478, -0.5688]]],


        [[[-0.7638, -1.1174,  0.0020, -0.8914, -0.4653],
          [-0.7626,  0.4106,  0.1455, -0.1349, -0.3103],
          [-0.7560, -0.7525, -0.8792, -0.4515,  0.0525],
          [-0.4436, -0.5632, -0.0018, -0.4125,  0.0185],
          [-0.9773, -0.0620, -0.0083, -0.8414, -0.3055]]],


        [[[-1.0074, -0.7422, -0.0196, -0.7805, -0.5638],
          [-0.6548, -1.1620,  0.1743, -0.8760, -0.9488],
          [-0.7410,  0.0677, -0.0647,  0.1876, -0.1573],
          [-0.2373,  0.0947, -0.4511, -1.1268, -0.0649],
          [-0.7262, -0.0545, -1.1794,  0.0329, -0.5733]]]])), ('conv2.weight', tensor([[[[ 6.8830e-01,  3.4643e-01,  5.3499e-01,  2.5284e-01,  3.7396e-01],
          [ 8.4186e-02,  3.8103e-01,  9.5640e-01,  7.8880e-02,  7.0733e-01],
          [ 8.8854e-01,  6.3282e-01,  4.0404e-01,  5.3623e-01,  3.1171e-01],
          [ 1.7072e-01,  7.1277e-01,  9.7751e-02,  2.6686e-01,  4.4785e-01],
          [ 8.8538e-02,  9.1115e-01,  8.8159e-01,  6.3347e-01,  8.1458e-01]],

         [[ 4.0472e-01,  5.4128e-01,  1.3271e-01,  4.6884e-01,  4.4452e-02],
          [ 2.9106e-01,  5.0854e-01,  5.0803e-02,  2.9320e-01,  2.3083e-01],
          [ 6.7729e-01,  9.7242e-01,  8.5514e-01,  1.7096e-01,  6.3390e-01],
          [ 4.3296e-01,  9.5192e-02,  7.2252e-01,  2.3579e-01,  2.4499e-01],
          [ 8.6042e-02,  5.0962e-01,  2.8103e-01,  1.3020e-01,  4.3294e-01]],

         [[ 4.3115e-01,  6.1098e-01,  3.5493e-01,  4.0939e-01,  2.2490e-02],
          [ 5.0461e-01,  7.8530e-01,  5.7752e-01,  5.5726e-02,  7.0816e-01],
          [ 2.4788e-01,  6.7151e-01,  5.3745e-01,  2.2436e-01,  7.7440e-01],
          [ 8.6699e-01,  9.3413e-01,  8.0476e-01,  6.2415e-01,  5.2973e-02],
          [ 6.6370e-01,  4.8477e-01,  9.6494e-01,  9.6479e-01,  3.8116e-01]],

         ...,

         [[ 9.8296e-01,  1.8135e-01,  1.3229e-01,  7.2420e-01,  2.8849e-01],
          [ 6.5816e-01,  5.2990e-01,  6.1533e-01,  9.5453e-02,  4.5721e-01],
          [ 7.5134e-01,  1.4650e-01,  2.8253e-02,  7.7342e-01,  5.3824e-01],
          [ 9.6924e-01,  4.3382e-01,  3.1788e-02,  9.6539e-01,  4.5706e-01],
          [ 7.6212e-01,  2.7113e-01,  5.7293e-01,  7.1323e-01,  1.6784e-01]],

         [[ 8.3710e-01,  9.9667e-01,  9.6078e-01,  9.7553e-01,  4.5266e-02],
          [ 7.2820e-01,  6.2454e-01,  6.2307e-01,  4.2257e-01,  3.2830e-01],
          [ 6.8881e-01,  8.8749e-01,  2.6639e-01,  6.0131e-01,  9.9146e-01],
          [ 6.5391e-01,  7.4019e-01,  1.7792e-01,  2.6629e-01,  1.3497e-01],
          [ 8.0497e-01,  6.1982e-01,  5.9364e-01,  6.5553e-02,  3.9734e-01]],

         [[ 4.4051e-01,  3.0171e-01,  7.3341e-02,  8.7895e-01,  8.1796e-01],
          [ 9.4885e-01,  2.4035e-01,  8.4623e-01,  5.8057e-01,  2.4468e-01],
          [ 4.6600e-01,  9.7372e-03,  2.1061e-01,  7.0361e-01,  5.7897e-01],
          [ 6.6744e-01,  1.4502e-01,  1.2566e-01,  8.6557e-01,  4.5821e-01],
          [ 5.3024e-01,  5.9940e-02,  4.3717e-01,  3.5840e-01,  5.8383e-01]]],


        [[[ 7.5433e-01,  5.8628e-02,  1.7946e-01,  9.0588e-01,  1.3019e-01],
          [-6.6337e-03,  7.4566e-02,  1.6329e-01,  9.4627e-01,  2.7169e-01],
          [ 4.8995e-01, -3.5245e-03,  6.0446e-01,  8.5468e-01,  8.1925e-01],
          [ 4.3615e-01,  3.8615e-01,  7.8429e-01,  3.5742e-01,  4.8474e-01],
          [ 1.9876e-01,  2.3606e-01,  5.5800e-01,  7.3358e-01,  3.1203e-01]],

         [[ 7.9180e-02,  3.6457e-01,  1.5168e-01,  2.1805e-01,  9.1035e-01],
          [ 6.1544e-01,  6.3483e-01,  3.6701e-01,  9.1999e-01,  1.8734e-01],
          [ 2.7412e-01,  5.7019e-01,  1.2633e-01,  6.2597e-01,  4.3184e-01],
          [ 2.8877e-01,  4.9634e-01,  3.1270e-01,  7.4878e-02,  3.7179e-01],
          [ 6.9653e-01,  9.4866e-01,  6.7557e-01,  6.7979e-01,  2.4178e-01]],

         [[ 7.1948e-01,  5.5709e-01,  6.7610e-01,  4.0702e-01,  5.7315e-01],
          [ 8.6105e-01,  4.0794e-02,  8.7942e-01,  1.0188e-01,  1.7726e-01],
          [ 1.0926e-02,  8.2975e-01,  9.4273e-01,  7.2392e-01,  7.1479e-01],
          [ 3.9058e-01,  2.6799e-01,  8.1243e-01,  4.9150e-01,  5.9991e-01],
          [ 5.8620e-02,  5.6453e-01,  1.6443e-02,  1.5224e-01,  6.0685e-01]],

         ...,

         [[ 9.5039e-01,  6.9898e-01,  1.9650e-01,  2.8097e-01,  4.5867e-01],
          [ 5.1747e-01,  8.3503e-01,  3.6000e-01,  6.6568e-01,  3.6822e-01],
          [ 2.7144e-01,  5.9610e-01,  4.6592e-01,  1.7347e-01,  9.4515e-01],
          [ 3.9388e-01,  7.4631e-01,  7.0315e-02,  8.2135e-02,  4.9150e-01],
          [ 5.4735e-01,  4.5710e-01,  5.0003e-01,  6.6600e-02,  5.8864e-01]],

         [[ 2.4836e-01,  7.7231e-01,  5.7184e-01,  8.9742e-01,  4.8292e-01],
          [ 1.4251e-01,  5.2879e-01,  2.4792e-01,  5.1973e-01,  3.9971e-01],
          [ 6.8516e-01,  3.2532e-01,  1.2255e-01,  2.0654e-01,  2.9741e-01],
          [ 5.5900e-01,  1.6541e-02,  2.6669e-01,  1.1311e-01,  3.9959e-01],
          [ 4.8103e-01,  5.5146e-01,  9.6025e-03,  3.3222e-01,  1.5900e-01]],

         [[ 2.7964e-01,  5.9121e-01,  7.7895e-01,  2.5102e-01,  4.9154e-01],
          [ 9.7752e-01,  9.8431e-03,  3.2348e-01,  3.1425e-01,  9.7978e-01],
          [ 6.5489e-01,  2.0207e-01,  8.9485e-01,  3.6929e-01,  2.7378e-01],
          [ 6.8838e-01,  5.8821e-01,  1.5023e-01,  8.7024e-03,  9.0753e-01],
          [ 1.0845e-01,  7.5097e-01,  3.1638e-01,  7.6426e-01,  3.9602e-01]]],


        [[[ 1.7278e-01,  5.0771e-01,  2.6851e-01,  8.4269e-01,  6.5840e-01],
          [ 2.7198e-01,  3.7856e-02,  9.1137e-01,  2.7840e-01,  9.2613e-01],
          [ 6.7981e-01,  1.4599e-01,  6.1394e-01,  8.6903e-01,  4.1753e-01],
          [ 9.5472e-01,  2.1132e-01,  7.8432e-02,  4.7985e-01,  7.8370e-01],
          [ 2.4138e-01,  8.5138e-01,  7.0771e-02,  3.0885e-01,  4.1742e-01]],

         [[ 2.7030e-01,  1.0983e-01,  4.7533e-02,  4.4498e-01,  2.3880e-01],
          [ 4.1733e-03,  5.0403e-01,  9.6237e-01,  8.1652e-01,  2.9668e-01],
          [ 9.4434e-01,  3.8783e-01,  7.5687e-01,  2.5331e-01,  2.6027e-01],
          [ 6.6452e-01,  6.9611e-01,  1.7784e-01,  6.4320e-01,  3.3097e-01],
          [ 7.9732e-01,  3.7382e-01,  8.3529e-01,  2.6978e-01,  7.3037e-01]],

         [[ 1.6919e-01,  3.7791e-01,  8.6725e-01,  1.6208e-01,  4.3889e-01],
          [ 7.2929e-01,  2.8321e-01,  7.4614e-01,  8.2906e-01,  7.4416e-02],
          [ 2.5955e-01,  8.2197e-01,  1.7643e-01,  2.1162e-01,  8.0399e-01],
          [ 5.8893e-01,  4.9371e-01,  8.1430e-01,  5.3082e-01,  5.0039e-01],
          [ 7.9823e-01,  7.0022e-01,  8.2050e-01,  5.4745e-02,  1.2490e-01]],

         ...,

         [[ 3.2490e-01,  9.4663e-01,  1.3401e-01,  4.9619e-01,  6.8600e-01],
          [ 6.0309e-01,  1.0239e+00,  1.4083e-01,  7.1470e-01,  8.2496e-01],
          [ 8.9926e-01,  9.3643e-01,  1.5664e-01,  5.6762e-01,  3.6279e-01],
          [ 1.5619e-01,  6.9541e-01,  9.7164e-01,  2.0752e-01,  1.2062e-01],
          [ 8.9331e-01,  7.2487e-01,  2.7501e-01,  5.4080e-01,  7.5165e-01]],

         [[ 6.7898e-01,  5.7336e-01, -9.9511e-04,  9.7287e-01,  1.4481e-01],
          [ 7.2013e-01,  6.3321e-01,  6.2339e-01,  3.6899e-01,  1.4698e-01],
          [ 4.1455e-02,  3.1727e-03,  3.3886e-01,  6.7415e-01,  3.4799e-02],
          [ 2.1627e-01,  4.8949e-01,  1.8411e-01,  5.8477e-01,  2.0925e-01],
          [ 9.7186e-02,  2.7748e-01,  2.9066e-01,  8.1255e-01,  9.0069e-01]],

         [[ 5.2919e-01,  6.5161e-01,  6.9311e-01,  2.9805e-01,  1.6423e-01],
          [ 2.7606e-03,  1.9556e-01,  9.5681e-02,  4.9150e-01,  3.6914e-01],
          [ 1.7702e-01,  5.2463e-01,  3.1101e-01,  1.5739e-01,  6.6646e-01],
          [ 4.7024e-01,  7.4531e-01,  6.3166e-01,  8.1969e-01,  4.4012e-01],
          [ 7.2818e-02,  8.5353e-01,  3.3498e-01,  4.8539e-01,  7.8678e-01]]],


        ...,


        [[[ 4.7260e-01,  2.6928e-01,  1.0887e-01,  3.8092e-01,  9.6319e-01],
          [ 8.6121e-01,  4.8242e-01,  3.5374e-01,  8.2181e-01,  3.4725e-01],
          [ 2.3954e-02,  4.9552e-01,  6.7191e-01,  6.2182e-01,  8.1530e-01],
          [ 6.7754e-01,  5.6040e-01,  5.9300e-01,  4.8841e-01,  4.7946e-01],
          [ 9.8332e-01,  8.3307e-01,  6.5259e-01,  3.8406e-01,  9.7995e-01]],

         [[ 3.6402e-01,  6.6532e-01,  6.0546e-01,  2.7314e-01,  2.0699e-01],
          [ 8.4244e-01,  1.6480e-01,  4.8161e-01,  4.5892e-01,  8.1466e-01],
          [ 9.3103e-01,  6.5274e-01,  2.4425e-01,  4.8154e-01,  3.9101e-01],
          [ 4.8203e-02,  9.2493e-01,  2.9669e-01,  2.5555e-01,  2.2837e-01],
          [ 2.3817e-01,  3.8044e-01,  1.7863e-01,  7.4353e-01,  7.8320e-01]],

         [[ 2.4868e-01,  7.5026e-01,  3.0721e-01,  5.8072e-01,  3.6073e-01],
          [ 6.3015e-02,  6.1957e-01,  1.9886e-01,  6.0643e-01,  3.0897e-01],
          [ 6.7096e-02,  3.2670e-01,  9.0472e-01,  9.2279e-01,  2.3323e-01],
          [ 7.8757e-01,  8.3675e-01,  3.4018e-01,  7.3391e-01,  2.2096e-01],
          [ 5.3257e-01,  5.6103e-04,  3.2319e-01,  3.3287e-01,  4.0937e-01]],

         ...,

         [[ 1.3700e-01,  4.3170e-01,  4.9832e-01,  4.0738e-01,  6.4117e-01],
          [ 5.0236e-01,  9.4933e-01,  3.1832e-01,  7.6253e-01,  9.4553e-01],
          [ 3.3088e-01,  5.2225e-01,  3.2267e-01,  3.7585e-02,  7.1958e-01],
          [ 7.6206e-01,  4.5958e-01,  5.7420e-01,  3.6573e-01,  3.8121e-01],
          [ 3.4089e-01,  2.6184e-01,  2.8707e-01,  3.9049e-01,  5.7318e-01]],

         [[ 2.3332e-01,  4.8929e-01,  2.1900e-01,  1.2179e-01,  5.4214e-01],
          [ 4.5870e-01,  2.4355e-01,  5.0922e-01,  5.4537e-01,  9.6018e-01],
          [ 6.6121e-01,  8.7202e-01,  2.4026e-01,  8.2889e-01,  5.9312e-01],
          [ 7.4243e-01,  7.7349e-01,  9.7228e-01,  7.1725e-01,  4.7831e-01],
          [ 3.3602e-01,  4.9234e-01,  9.7062e-01,  1.8797e-01,  2.6966e-01]],

         [[ 3.2446e-01,  5.8179e-01,  3.8809e-01,  1.2593e-01,  9.1714e-01],
          [ 6.2101e-01,  5.6007e-01,  2.7394e-01,  9.9588e-01,  1.9842e-01],
          [ 1.1753e-01,  6.9370e-01,  3.8200e-01,  1.6683e-02,  6.8271e-01],
          [ 4.4467e-02,  6.5276e-01,  2.2702e-01,  7.8290e-01,  8.7617e-01],
          [ 5.6490e-01,  5.8099e-01,  8.9511e-01,  4.0926e-01,  2.5586e-01]]],


        [[[ 7.7453e-01,  6.9710e-01,  2.5008e-01,  7.1988e-01,  7.1573e-01],
          [ 2.9983e-01,  6.7874e-01,  9.5857e-01,  9.6472e-01,  7.2872e-01],
          [ 9.2716e-01,  3.9109e-01,  4.2992e-02,  5.8555e-01,  3.3195e-01],
          [ 6.5335e-01,  3.6802e-01,  9.5017e-01,  1.9100e-01,  4.6366e-01],
          [ 9.8632e-01,  3.9513e-01,  6.3489e-01,  6.4185e-01,  1.6332e-01]],

         [[ 3.6843e-01,  7.6214e-01,  8.0429e-01,  8.2688e-01,  6.6134e-02],
          [ 4.2699e-01,  1.5976e-02,  9.2951e-01,  8.1184e-02,  9.5894e-01],
          [ 8.4343e-01,  4.2653e-03, -6.5079e-03,  7.3114e-01,  8.2092e-01],
          [ 8.8634e-01,  5.0431e-01,  2.4745e-03,  3.9834e-01,  7.5134e-01],
          [ 4.3441e-01,  1.2901e-02,  2.7622e-02,  1.4074e-01,  6.2291e-02]],

         [[ 2.6704e-01,  4.0566e-01,  6.4574e-01,  9.5564e-01,  2.2836e-01],
          [ 7.0604e-01,  3.9629e-01,  2.8394e-01,  3.9832e-01,  5.5104e-01],
          [ 1.3851e-01,  1.5816e-01,  7.1470e-01,  2.3552e-01,  4.9243e-01],
          [ 4.4469e-01,  7.7735e-01,  4.0332e-01,  3.5426e-01,  1.6909e-01],
          [ 3.1722e-01,  5.9903e-01,  7.4172e-01,  5.5681e-01,  1.7781e-01]],

         ...,

         [[ 3.4153e-01,  6.7839e-01,  5.6852e-01,  8.4069e-01,  1.8057e-01],
          [ 4.1551e-01,  1.5869e-01,  9.5175e-02,  4.1064e-01,  8.4221e-01],
          [ 7.4609e-01,  8.0034e-01,  3.9098e-01,  3.5691e-01,  6.3005e-01],
          [ 5.3915e-01,  1.5995e-01,  5.0380e-01,  5.3509e-01,  1.8549e-01],
          [ 1.3211e-01,  7.5270e-01,  5.7740e-01,  1.4110e-01,  2.2557e-01]],

         [[ 6.7102e-03,  3.2527e-01,  6.7521e-01,  1.9180e-01,  3.0465e-01],
          [ 1.3519e-01,  2.7203e-01,  8.0784e-01,  2.6535e-02,  3.0895e-01],
          [ 1.7901e-01,  4.1516e-01,  5.6918e-01,  7.6374e-01,  2.4168e-01],
          [ 8.7362e-01,  2.4025e-01,  4.2262e-02,  3.2401e-01,  8.2117e-01],
          [ 5.9293e-01,  6.7657e-01,  9.3594e-01,  2.8571e-01,  7.2684e-01]],

         [[ 2.8167e-01,  5.7517e-02,  6.3756e-01,  8.1627e-01,  3.6292e-01],
          [ 6.8326e-03,  4.2555e-01,  7.8464e-01,  2.0871e-01,  9.5420e-01],
          [ 1.6369e-01,  5.2889e-01,  7.1820e-02,  8.5626e-01,  5.4327e-01],
          [ 1.4665e-01,  2.3411e-01,  2.0424e-01,  5.2214e-01,  8.0472e-01],
          [ 4.9658e-01,  7.7385e-01,  3.9360e-01,  5.2051e-01,  1.9475e-01]]],


        [[[ 7.4086e-01,  3.1830e-01,  4.9350e-01,  8.7822e-01,  6.3469e-01],
          [ 4.0868e-01,  6.2650e-01,  6.8914e-01,  8.8613e-01,  7.6402e-01],
          [ 9.8769e-01,  1.8696e-01,  9.9252e-01,  2.5377e-01,  6.5355e-01],
          [ 1.5579e-01,  9.0167e-01,  7.7336e-01,  6.3389e-01,  6.4803e-01],
          [ 5.0387e-05,  7.1027e-01,  1.0809e-01,  1.7708e-01,  5.6306e-01]],

         [[ 3.5863e-01,  1.2455e-01,  5.7639e-02,  7.0975e-01,  5.5635e-01],
          [ 3.0916e-01,  2.4100e-01,  8.0937e-01,  7.4115e-02,  2.5134e-01],
          [ 5.6444e-01,  1.5098e-01,  7.7838e-01,  4.2546e-01,  2.3309e-01],
          [ 1.4487e-01,  8.8972e-01,  7.5849e-01,  1.6683e-01,  9.3858e-01],
          [ 9.4380e-01,  6.1250e-01,  8.7050e-01,  2.0479e-01,  5.4102e-02]],

         [[ 9.1316e-01,  7.3974e-02,  4.8615e-02,  1.3329e-01,  8.3229e-01],
          [ 5.8361e-01,  1.9438e-02,  6.3540e-01,  3.7254e-01,  3.5669e-01],
          [ 9.6688e-01,  8.2261e-01,  7.9889e-01,  5.0481e-01,  5.2621e-01],
          [ 5.2723e-01,  7.9761e-01,  8.0953e-01,  2.3317e-01,  6.7204e-01],
          [ 8.8764e-01,  2.8642e-01,  6.6906e-01,  1.8463e-01,  9.7081e-01]],

         ...,

         [[ 8.0129e-01,  8.0042e-01,  6.5455e-02,  8.6946e-01,  8.1543e-01],
          [ 8.1515e-01,  5.6418e-01,  1.5995e-01,  1.6737e-01,  9.6785e-01],
          [ 3.9929e-01,  6.5748e-01,  4.2347e-01,  3.4007e-02,  6.5959e-01],
          [ 6.1410e-01,  9.7016e-02,  6.3268e-01,  5.7632e-01,  8.5882e-02],
          [ 7.8286e-01,  2.1178e-01,  8.7134e-01,  4.8545e-01,  2.8790e-01]],

         [[ 4.9498e-01,  5.5629e-01,  6.5028e-01,  8.9903e-01,  4.8747e-02],
          [ 8.5714e-01,  3.3479e-01,  9.6630e-01,  2.5811e-01,  1.7982e-01],
          [ 6.3243e-01,  6.0196e-01,  4.4105e-01,  3.7983e-01,  7.9072e-01],
          [ 8.6687e-01,  5.7493e-01,  4.3447e-01,  9.5571e-03,  8.0952e-01],
          [ 7.5263e-01,  6.3782e-01,  5.5182e-01,  5.3825e-01,  3.8890e-01]],

         [[ 2.2751e-01,  3.5742e-01,  8.6020e-01,  5.0338e-01,  3.8096e-02],
          [ 9.2491e-01,  4.8119e-01,  1.7301e-01,  4.0281e-01,  9.9153e-01],
          [ 8.9627e-02,  6.5630e-01,  8.0792e-01,  3.4103e-01,  9.5252e-01],
          [ 1.9785e-01,  6.6522e-01,  3.0100e-01,  1.5960e-01,  9.9317e-01],
          [ 9.0142e-01,  7.1282e-01,  4.8150e-01,  5.7277e-02,  6.2808e-01]]]])), ('fc1.weight', tensor([[ 0.4844, -0.9841, -0.0635,  ..., -0.4700,  0.0352, -0.1539],
        [ 0.2092, -0.2967, -0.3383,  ...,  0.9519, -0.1888,  0.3654],
        [ 0.2665,  0.5482,  0.0542,  ...,  0.7439,  0.1319, -0.5304],
        ...,
        [-0.3229,  0.7269, -0.2369,  ...,  0.5130,  0.7496,  0.7754],
        [ 0.6315, -0.5751,  0.3312,  ..., -0.7461,  0.0526, -0.5528],
        [ 0.9576,  0.7797, -0.9390,  ...,  0.2684, -0.3112, -0.8442]])), ('fc1.bias', tensor([-0.0108,  0.1684, -0.0939, -0.0908, -0.0460, -0.2600, -0.1092, -0.0563,
        -0.2349,  0.1325, -0.0014, -0.0879, -0.0052, -0.0430, -0.0198, -0.2337,
        -0.1297, -0.1146, -0.0386,  0.0397, -0.1359,  0.0814, -0.0799, -0.1241,
        -0.0117, -0.0352, -0.1812, -0.0858, -0.0195,  0.0719,  0.0660,  0.2413,
        -0.1777,  0.3940,  0.2208, -0.0783,  0.1219, -0.1927,  0.1702, -0.0439,
        -0.1298, -0.0447,  0.1397, -0.0494, -0.1089,  0.0863, -0.1454, -0.0929,
        -0.0022, -0.1154])), ('rounded.weight', tensor([[ 0.6175,  0.8912,  0.2273,  0.7230,  0.1768,  0.8683,  0.6654,  0.8420,
          0.8193,  0.4625,  0.7308,  0.3333,  0.6865,  0.5294,  0.4793,  0.5855,
          0.6315,  0.0015,  0.7130,  0.3421,  0.6100,  0.7995,  0.0040,  0.4756,
          0.8645,  0.4068,  0.9608,  0.6043, -0.0156,  0.1745,  0.0517,  0.4830,
          0.4800,  0.6227,  0.4442,  0.4569,  0.7403,  0.0820,  0.4017,  0.7186,
          0.3015,  0.4245,  0.6896,  0.6057,  0.6581,  0.7357,  0.4501,  0.5237,
          0.4277,  0.3200],
        [ 0.2977,  0.2880,  0.4845,  0.7895,  0.2299,  0.6317,  0.6048,  0.6346,
          0.3679,  0.6313,  0.6387,  0.5631,  0.0329,  0.3203,  0.3499,  0.5752,
          0.6204,  0.1593,  0.2112,  0.8310,  0.4179,  0.3259,  0.1085,  0.7828,
          0.0702,  0.8546,  0.7588,  0.6210,  0.6211,  0.2830,  0.6588,  0.2419,
          0.4218,  0.3611,  0.2144,  0.6673,  0.3976,  0.5771,  0.7475,  0.1948,
          0.5513,  0.7443,  0.3130,  0.7853,  0.4453,  0.8825,  0.5361,  0.7645,
          0.1396,  0.6521]])), ('digit.weight', tensor([[ 0.7474, -0.1530, -0.1610,  0.1531,  0.1877,  0.7913, -0.1711,  0.0102,
          0.7828,  0.8501, -0.4051,  0.3810,  0.1524, -0.6004, -0.8266,  1.0280,
         -0.4269,  0.5010,  0.5368, -0.8175, -0.1890, -0.6443,  0.5741, -0.1604,
         -0.2090,  0.6266, -0.5501, -0.7662,  0.1061,  0.7379, -0.4515,  0.2769,
          0.5979, -0.3627, -0.3551,  0.1389, -0.6598, -0.4700,  0.8071,  0.2793,
          0.0233,  0.0869,  0.2022,  0.8849, -0.8882, -0.1227,  0.1360, -0.3314,
         -0.5962, -0.9342],
        [ 0.5445, -0.2378,  0.8859, -0.6030,  0.7348,  0.5423, -0.7816,  0.3032,
          0.9254, -0.3008, -0.6284,  0.4130,  0.5628, -0.2553,  0.6033,  0.5522,
         -0.0498,  0.6272,  0.0905, -0.4273,  0.6626, -0.4018,  0.5404, -0.3405,
         -0.1734,  0.3012, -0.6373, -0.3358, -0.7821,  0.6179, -0.7640,  0.9996,
         -0.1128,  0.1811,  0.9409, -0.7673, -0.5178, -0.0097,  0.5634, -0.5889,
         -0.3235, -0.4127, -0.0616,  0.3258, -0.2500, -0.2962, -0.4489,  0.2328,
          0.5139, -0.2866],
        [ 0.9577,  0.9113, -0.2181,  0.6654,  0.2152,  0.0048,  0.2464,  0.6396,
          0.6144,  0.3131, -0.5327, -0.2390, -0.2927, -0.1624,  0.4593,  0.5376,
         -0.3817,  0.5183, -0.3003, -0.1641,  0.6039,  0.1597,  0.4574, -0.3712,
         -0.3681,  0.4775, -0.8169, -0.3377,  0.1102, -0.9363,  0.5353, -0.6374,
         -0.3283, -0.1646,  0.9120, -0.6937, -1.0153,  0.2694,  0.4307, -0.4878,
          0.1200, -0.7407,  0.6589, -0.4269, -0.8857,  0.2301, -0.9401,  0.7228,
         -0.7272,  0.4711],
        [ 0.4919, -0.5929, -0.8423,  0.2981,  0.5806, -0.5497, -0.5231, -0.1110,
          0.6956, -0.3778, -0.7291,  1.0565,  0.5819,  0.5685,  0.7978,  0.0303,
         -0.1630,  0.4669,  0.4148,  0.6809,  0.3450,  0.1401, -0.8673,  0.9650,
         -0.3996, -0.8373, -0.4003,  0.4860, -0.4071,  0.0907, -0.0551, -0.3357,
         -0.3601, -0.6349,  0.8879,  0.5747, -0.7826,  0.9454,  0.0012, -0.7338,
         -0.6104, -0.7257, -0.3610, -0.6468,  0.2391, -0.7118,  0.6021, -0.6498,
          0.0777,  0.9585],
        [ 0.9085, -0.6486, -0.2607, -0.1375,  0.2772,  0.4625, -0.5031, -0.7907,
          0.9382, -0.5492,  0.7465,  0.6850,  0.8626, -0.5126, -0.3348,  0.7946,
         -0.6390,  0.7268,  0.7308,  0.5051, -0.4683, -0.2476, -0.4571, -0.2467,
         -0.7875,  0.1361,  0.6850,  0.3870,  0.3172, -0.4305,  0.6927, -0.4890,
          0.0930,  0.0228, -0.5382,  0.7514, -0.2890, -0.3512,  0.0874,  0.2534,
          0.8368,  0.6044,  0.9051,  0.3605,  0.7003, -0.2287,  0.5399,  0.8148,
          0.6770, -0.5160],
        [ 0.3844,  0.1397,  0.8847, -0.6926,  0.0204,  0.6325, -0.5556, -0.6355,
         -0.5890,  0.5043,  0.4488,  0.1584, -0.8145,  0.3744, -0.6295,  1.1501,
         -0.3656, -0.2666, -0.2008, -0.5870, -0.2331,  0.2903, -0.1129, -0.5743,
          0.9590,  0.1755,  0.2665, -0.1381, -0.7114, -0.2713, -0.0243,  0.6181,
          0.8606,  0.2127, -0.5716,  0.9923, -0.3090, -0.1237, -0.0646,  0.9132,
         -0.9641, -0.7046, -0.8451, -0.1532,  0.2213, -0.9652,  0.1315, -0.8605,
          0.5940, -0.8829],
        [-0.4802, -0.7566,  0.7724, -0.2254,  0.3023,  0.3895, -0.0903, -0.0949,
         -0.4688,  0.5767,  0.9927, -0.3673,  0.6345, -0.7060,  0.9475,  0.5885,
         -0.1965, -0.9139, -0.8009,  0.4206,  0.1728, -0.1009, -0.1809, -0.3294,
         -0.3181,  0.7503, -0.2558, -0.4872,  0.0797,  0.4993, -0.3170,  0.2049,
          0.6427, -0.4911,  0.5157, -0.6530,  0.2798, -0.6579,  0.3991, -0.1503,
         -0.0340,  0.7570, -0.0896,  0.6282, -0.9558, -0.3102,  0.8878, -0.0719,
          0.0738,  0.7300],
        [-0.8480,  0.0892,  0.0702, -0.7551,  0.1577,  0.2948,  0.8671,  0.0916,
          0.2307, -0.3696,  0.0086,  0.3941,  0.5402, -0.0813,  0.7362,  0.6177,
          0.3564,  0.9802, -0.4274,  0.6238, -0.7378, -0.0247,  0.2854, -0.6759,
         -0.4390,  0.9072, -0.3824, -0.6412, -0.6924,  0.0971,  0.9172,  0.7314,
         -0.4694, -0.6338,  0.2738, -0.5821,  0.1652, -0.5499,  0.0545,  0.4119,
         -0.1006,  0.0114, -0.0620,  0.1645, -0.7397,  0.8265, -0.6508, -0.8845,
          0.4517,  0.4009],
        [-0.3233, -0.8028,  0.0262, -0.3315, -0.1700,  0.5726, -0.0766, -0.2016,
          0.7187,  0.6173,  0.6265,  0.3516, -0.3595,  0.3693,  0.7472, -0.2960,
         -0.2268, -0.1150, -0.4976, -0.9141,  0.6479, -0.5316,  0.4564, -0.0284,
         -0.0612, -0.4526,  0.1749,  0.1859,  0.5768,  0.4947,  0.2281, -0.5832,
         -0.2444, -0.3020,  0.8326, -0.4275,  0.5187,  0.8014,  0.4833, -0.6661,
          0.6412,  0.2040,  0.0396,  0.1242, -0.9527, -0.2029,  0.4388, -0.9535,
         -0.3325, -0.8854],
        [-0.8920, -0.5828,  0.0806, -0.0155,  0.2841, -0.0043,  0.7786, -0.3599,
          0.5477, -0.3109,  0.0778, -0.0887, -0.9037,  0.0622,  0.5067,  0.1231,
          0.3513,  0.2526,  0.5912,  0.1023,  0.2424,  0.0991, -0.1024, -0.0834,
         -0.3788, -0.8686,  0.3745,  0.2707, -0.6132, -0.4523,  0.0241,  0.8584,
          0.0465, -0.3177, -0.7202, -0.1055,  0.2652,  0.5812, -0.4118, -0.5925,
          0.4901,  0.6100,  0.9018,  0.4593,  0.2528,  0.1110,  0.4897, -0.7627,
          0.3330,  0.0273]]))])